f1:	0.9743575753604208
train_score:	1.0
test_score:	0.9743589743589743
Confusion Matrix: [refer to random_forest_conf2.png]
