f1:	0.9579610335267913
train_score:	0.9863441279750292
test_score:	0.9579923622476814
Confusion Matrix: [refer to random_forest_conf1.png]
